#     C:\Users\Dominic E Sisneros\source\repos\git\microstation\plot\wmbw.tbl

BEGIN_GLOBAL
    VERSION = 890
    PLOTTING
    VIEWS = 1-8
    SYMBOLOGY = AsStored
    EXPLODE_SHARED_CELLS = 1
    EXPLODE_DIMENSIONS = 0
    EXPLODE_MULTILINES = 0
    EXPLODE_TAGS = 1
    MATCH_MULTIPLE_SECTIONS = 0
    PST_COMPATIBLE_MODE = 0
    SORT_EXPORTED_GRAPHICS = 0
END_GLOBAL

BEGIN Watermark
    TYPE          = 17
    BASICFUNC     = watermark.ba,setwatermarkbw
END

BEGIN BW
    OUT_COLOR     = 0
END

BEGIN_STRINGS
    "$FILES$" = "_FILES_"
    "$DATE$" = "_DATE_"
    "$TIME$" = "_TIME_"
    "$NAME$" = "$(_USTN_USERNAME)"
END_STRINGS

BEGIN_PENMAP
      0 = 1 1   0   0   0   0 0 4 0 100
      1 = 1 1   0   0   0   0 0 4 0 100
      2 = 1 1   0   0   0   0 0 4 0 100
      3 = 1 1   0   0   0   0 0 4 0 100
      4 = 1 1   0   0   0   0 0 4 0 100
      5 = 1 1   0   0   0   0 0 4 0 100
      6 = 1 1   0   0   0   0 0 4 0 100
      7 = 1 1   0   0   0   0 0 4 0 100
      8 = 1 1   0   0   0   0 0 4 0 100
      9 = 1 1   0   0   0   0 0 4 0 100
     10 = 1 0   0   0   0   0 0 4 0 100
     11 = 1 0   0   0   0   0 0 4 0 100
     12 = 1 0   0   0   0   0 0 4 0 100
     13 = 1 0   0   0   0   0 0 4 0 100
     14 = 1 0   0   0   0   0 0 4 0 100
     15 = 1 0   0   0   0   0 0 4 0 100
     16 = 1 0   0   0   0   0 0 4 0 100
     17 = 1 0   0   0   0   0 0 4 0 100
     18 = 1 0   0   0   0   0 0 4 0 100
     19 = 1 0   0   0   0   0 0 4 0 100
     20 = 1 0   0   0   0   0 0 4 0 100
     21 = 1 0   0   0   0   0 0 4 0 100
     22 = 1 0   0   0   0   0 0 4 0 100
     23 = 1 0   0   0   0   0 0 4 0 100
     24 = 1 0   0   0   0   0 0 4 0 100
     25 = 1 0   0   0   0   0 0 4 0 100
     26 = 1 0   0   0   0   0 0 4 0 100
     27 = 1 0   0   0   0   0 0 4 0 100
     28 = 1 0   0   0   0   0 0 4 0 100
     29 = 1 0   0   0   0   0 0 4 0 100
     30 = 1 0   0   0   0   0 0 4 0 100
     31 = 1 0   0   0   0   0 0 4 0 100
     32 = 1 0   0   0   0   0 0 4 0 100
     33 = 1 0   0   0   0   0 0 4 0 100
     34 = 1 0   0   0   0   0 0 4 0 100
     35 = 1 0   0   0   0   0 0 4 0 100
     36 = 1 0   0   0   0   0 0 4 0 100
     37 = 1 0   0   0   0   0 0 4 0 100
     38 = 1 0   0   0   0   0 0 4 0 100
     39 = 1 0   0   0   0   0 0 4 0 100
     40 = 1 0   0   0   0   0 0 4 0 100
     41 = 1 0   0   0   0   0 0 4 0 100
     42 = 1 0   0   0   0   0 0 4 0 100
     43 = 1 0   0   0   0   0 0 4 0 100
     44 = 1 0   0   0   0   0 0 4 0 100
     45 = 1 0   0   0   0   0 0 4 0 100
     46 = 1 0   0   0   0   0 0 4 0 100
     47 = 1 0   0   0   0   0 0 4 0 100
     48 = 1 0   0   0   0   0 0 4 0 100
     49 = 1 0   0   0   0   0 0 4 0 100
     50 = 1 0   0   0   0   0 0 4 0 100
     51 = 1 0   0   0   0   0 0 4 0 100
     52 = 1 0   0   0   0   0 0 4 0 100
     53 = 1 0   0   0   0   0 0 4 0 100
     54 = 1 0   0   0   0   0 0 4 0 100
     55 = 1 0   0   0   0   0 0 4 0 100
     56 = 1 0   0   0   0   0 0 4 0 100
     57 = 1 0   0   0   0   0 0 4 0 100
     58 = 1 0   0   0   0   0 0 4 0 100
     59 = 1 0   0   0   0   0 0 4 0 100
     60 = 1 0   0   0   0   0 0 4 0 100
     61 = 1 0   0   0   0   0 0 4 0 100
     62 = 1 0   0   0   0   0 0 4 0 100
     63 = 1 0   0   0   0   0 0 4 0 100
     64 = 1 0   0   0   0   0 0 4 0 100
     65 = 1 0   0   0   0   0 0 4 0 100
     66 = 1 0   0   0   0   0 0 4 0 100
     67 = 1 0   0   0   0   0 0 4 0 100
     68 = 1 0   0   0   0   0 0 4 0 100
     69 = 1 0   0   0   0   0 0 4 0 100
     70 = 1 0   0   0   0   0 0 4 0 100
     71 = 1 0   0   0   0   0 0 4 0 100
     72 = 1 0   0   0   0   0 0 4 0 100
     73 = 1 0   0   0   0   0 0 4 0 100
     74 = 1 0   0   0   0   0 0 4 0 100
     75 = 1 0   0   0   0   0 0 4 0 100
     76 = 1 0   0   0   0   0 0 4 0 100
     77 = 1 0   0   0   0   0 0 4 0 100
     78 = 1 0   0   0   0   0 0 4 0 100
     79 = 1 0   0   0   0   0 0 4 0 100
     80 = 1 0   0   0   0   0 0 4 0 100
     81 = 1 0   0   0   0   0 0 4 0 100
     82 = 1 0   0   0   0   0 0 4 0 100
     83 = 1 0   0   0   0   0 0 4 0 100
     84 = 1 0   0   0   0   0 0 4 0 100
     85 = 1 0   0   0   0   0 0 4 0 100
     86 = 1 0   0   0   0   0 0 4 0 100
     87 = 1 0   0   0   0   0 0 4 0 100
     88 = 1 0   0   0   0   0 0 4 0 100
     89 = 1 0   0   0   0   0 0 4 0 100
     90 = 1 0   0   0   0   0 0 4 0 100
     91 = 1 0   0   0   0   0 0 4 0 100
     92 = 1 0   0   0   0   0 0 4 0 100
     93 = 1 0   0   0   0   0 0 4 0 100
     94 = 1 0   0   0   0   0 0 4 0 100
     95 = 1 0   0   0   0   0 0 4 0 100
     96 = 1 0   0   0   0   0 0 4 0 100
     97 = 1 0   0   0   0   0 0 4 0 100
     98 = 1 0   0   0   0   0 0 4 0 100
     99 = 1 0   0   0   0   0 0 4 0 100
    100 = 1 0   0   0   0   0 0 4 0 100
    101 = 1 0   0   0   0   0 0 4 0 100
    102 = 1 0   0   0   0   0 0 4 0 100
    103 = 1 0   0   0   0   0 0 4 0 100
    104 = 1 0   0   0   0   0 0 4 0 100
    105 = 1 0   0   0   0   0 0 4 0 100
    106 = 1 0   0   0   0   0 0 4 0 100
    107 = 1 0   0   0   0   0 0 4 0 100
    108 = 1 0   0   0   0   0 0 4 0 100
    109 = 1 0   0   0   0   0 0 4 0 100
    110 = 1 0   0   0   0   0 0 4 0 100
    111 = 1 0   0   0   0   0 0 4 0 100
    112 = 1 0   0   0   0   0 0 4 0 100
    113 = 1 0   0   0   0   0 0 4 0 100
    114 = 1 0   0   0   0   0 0 4 0 100
    115 = 1 0   0   0   0   0 0 4 0 100
    116 = 1 0   0   0   0   0 0 4 0 100
    117 = 1 0   0   0   0   0 0 4 0 100
    118 = 1 0   0   0   0   0 0 4 0 100
    119 = 1 0   0   0   0   0 0 4 0 100
    120 = 1 0   0   0   0   0 0 4 0 100
    121 = 1 0   0   0   0   0 0 4 0 100
    122 = 1 0   0   0   0   0 0 4 0 100
    123 = 1 0   0   0   0   0 0 4 0 100
    124 = 1 0   0   0   0   0 0 4 0 100
    125 = 1 0   0   0   0   0 0 4 0 100
    126 = 1 0   0   0   0   0 0 4 0 100
    127 = 1 0   0   0   0   0 0 4 0 100
    128 = 1 0   0   0   0   0 0 4 0 100
    129 = 1 0   0   0   0   0 0 4 0 100
    130 = 1 0   0   0   0   0 0 4 0 100
    131 = 1 0   0   0   0   0 0 4 0 100
    132 = 1 0   0   0   0   0 0 4 0 100
    133 = 1 0   0   0   0   0 0 4 0 100
    134 = 1 0   0   0   0   0 0 4 0 100
    135 = 1 0   0   0   0   0 0 4 0 100
    136 = 1 0   0   0   0   0 0 4 0 100
    137 = 1 0   0   0   0   0 0 4 0 100
    138 = 1 0   0   0   0   0 0 4 0 100
    139 = 1 0   0   0   0   0 0 4 0 100
    140 = 1 0   0   0   0   0 0 4 0 100
    141 = 1 0   0   0   0   0 0 4 0 100
    142 = 1 0   0   0   0   0 0 4 0 100
    143 = 1 0   0   0   0   0 0 4 0 100
    144 = 1 0   0   0   0   0 0 4 0 100
    145 = 1 0   0   0   0   0 0 4 0 100
    146 = 1 0   0   0   0   0 0 4 0 100
    147 = 1 0   0   0   0   0 0 4 0 100
    148 = 1 0   0   0   0   0 0 4 0 100
    149 = 1 0   0   0   0   0 0 4 0 100
    150 = 1 0   0   0   0   0 0 4 0 100
    151 = 1 0   0   0   0   0 0 4 0 100
    152 = 1 0   0   0   0   0 0 4 0 100
    153 = 1 0   0   0   0   0 0 4 0 100
    154 = 1 0   0   0   0   0 0 4 0 100
    155 = 1 0   0   0   0   0 0 4 0 100
    156 = 1 0   0   0   0   0 0 4 0 100
    157 = 1 0   0   0   0   0 0 4 0 100
    158 = 1 0   0   0   0   0 0 4 0 100
    159 = 1 0   0   0   0   0 0 4 0 100
    160 = 1 0   0   0   0   0 0 4 0 100
    161 = 1 0   0   0   0   0 0 4 0 100
    162 = 1 0   0   0   0   0 0 4 0 100
    163 = 1 0   0   0   0   0 0 4 0 100
    164 = 1 0   0   0   0   0 0 4 0 100
    165 = 1 0   0   0   0   0 0 4 0 100
    166 = 1 0   0   0   0   0 0 4 0 100
    167 = 1 0   0   0   0   0 0 4 0 100
    168 = 1 0   0   0   0   0 0 4 0 100
    169 = 1 0   0   0   0   0 0 4 0 100
    170 = 1 0   0   0   0   0 0 4 0 100
    171 = 1 0   0   0   0   0 0 4 0 100
    172 = 1 0   0   0   0   0 0 4 0 100
    173 = 1 0   0   0   0   0 0 4 0 100
    174 = 1 0   0   0   0   0 0 4 0 100
    175 = 1 0   0   0   0   0 0 4 0 100
    176 = 1 0   0   0   0   0 0 4 0 100
    177 = 1 0   0   0   0   0 0 4 0 100
    178 = 1 0   0   0   0   0 0 4 0 100
    179 = 1 0   0   0   0   0 0 4 0 100
    180 = 1 0   0   0   0   0 0 4 0 100
    181 = 1 0   0   0   0   0 0 4 0 100
    182 = 1 0   0   0   0   0 0 4 0 100
    183 = 1 0   0   0   0   0 0 4 0 100
    184 = 1 0   0   0   0   0 0 4 0 100
    185 = 1 0   0   0   0   0 0 4 0 100
    186 = 1 0   0   0   0   0 0 4 0 100
    187 = 1 0   0   0   0   0 0 4 0 100
    188 = 1 0   0   0   0   0 0 4 0 100
    189 = 1 0   0   0   0   0 0 4 0 100
    190 = 1 0   0   0   0   0 0 4 0 100
    191 = 1 0   0   0   0   0 0 4 0 100
    192 = 1 0   0   0   0   0 0 4 0 100
    193 = 1 0   0   0   0   0 0 4 0 100
    194 = 1 0   0   0   0   0 0 4 0 100
    195 = 1 0   0   0   0   0 0 4 0 100
    196 = 1 0   0   0   0   0 0 4 0 100
    197 = 1 0   0   0   0   0 0 4 0 100
    198 = 1 0   0   0   0   0 0 4 0 100
    199 = 1 0   0   0   0   0 0 4 0 100
    200 = 1 0   0   0   0   0 0 4 0 100
    201 = 1 0   0   0   0   0 0 4 0 100
    202 = 1 0   0   0   0   0 0 4 0 100
    203 = 1 0   0   0   0   0 0 4 0 100
    204 = 1 0   0   0   0   0 0 4 0 100
    205 = 1 0   0   0   0   0 0 4 0 100
    206 = 1 0   0   0   0   0 0 4 0 100
    207 = 1 0   0   0   0   0 0 4 0 100
    208 = 1 0   0   0   0   0 0 4 0 100
    209 = 1 0   0   0   0   0 0 4 0 100
    210 = 1 0   0   0   0   0 0 4 0 100
    211 = 1 0   0   0   0   0 0 4 0 100
    212 = 1 0   0   0   0   0 0 4 0 100
    213 = 1 0   0   0   0   0 0 4 0 100
    214 = 1 0   0   0   0   0 0 4 0 100
    215 = 1 0   0   0   0   0 0 4 0 100
    216 = 1 0   0   0   0   0 0 4 0 100
    217 = 1 0   0   0   0   0 0 4 0 100
    218 = 1 0   0   0   0   0 0 4 0 100
    219 = 1 0   0   0   0   0 0 4 0 100
    220 = 1 0   0   0   0   0 0 4 0 100
    221 = 1 0   0   0   0   0 0 4 0 100
    222 = 1 0   0   0   0   0 0 4 0 100
    223 = 1 0   0   0   0   0 0 4 0 100
    224 = 1 0   0   0   0   0 0 4 0 100
    225 = 1 0   0   0   0   0 0 4 0 100
    226 = 1 0   0   0   0   0 0 4 0 100
    227 = 1 0   0   0   0   0 0 4 0 100
    228 = 1 0   0   0   0   0 0 4 0 100
    229 = 1 0   0   0   0   0 0 4 0 100
    230 = 1 0   0   0   0   0 0 4 0 100
    231 = 1 0   0   0   0   0 0 4 0 100
    232 = 1 0   0   0   0   0 0 4 0 100
    233 = 1 0   0   0   0   0 0 4 0 100
    234 = 1 0   0   0   0   0 0 4 0 100
    235 = 1 0   0   0   0   0 0 4 0 100
    236 = 1 0   0   0   0   0 0 4 0 100
    237 = 1 0   0   0   0   0 0 4 0 100
    238 = 1 0   0   0   0   0 0 4 0 100
    239 = 1 0   0   0   0   0 0 4 0 100
    240 = 1 0   0   0   0   0 0 4 0 100
    241 = 1 0   0   0   0   0 0 4 0 100
    242 = 1 0   0   0   0   0 0 4 0 100
    243 = 1 0   0   0   0   0 0 4 0 100
    244 = 1 0   0   0   0   0 0 4 0 100
    245 = 1 0   0   0   0   0 0 4 0 100
    246 = 1 0   0   0   0   0 0 4 0 100
    247 = 1 0   0   0   0   0 0 4 0 100
    248 = 1 0   0   0   0   0 0 4 0 100
    249 = 1 0   0   0   0   0 0 4 0 100
    250 = 1 0   0   0   0   0 0 4 0 100
    251 = 1 0   0   0   0   0 0 4 0 100
    252 = 1 0   0   0   0   0 0 4 0 100
    253 = 1 0   0   0   0   0 0 4 0 100
    254 = 1 0   0   0   0   0 0 4 0 100
END_PENMAP

BEGIN_WEIGHTMAP
      0 = 4 0.15
      1 = 4 0.3
      2 = 4 0.475
      3 = 4 0.65
      4 = 4 0.7
      5 = 4 0.825
      6 = 4 0
      7 = 4 0
      8 = 4 1.4
      9 = 4 1.4
     10 = 4 1.4
     11 = 4 2
     12 = 4 2
     13 = 4 2
     14 = 4 2
     15 = 4 2
     16 = 4 3.4
     17 = 4 3.6
     18 = 4 3.8
     19 = 4 4
     20 = 4 4.2
     21 = 4 4.4
     22 = 4 4.55
     23 = 4 0
     24 = 4 0
     25 = 4 0
     26 = 4 0
     27 = 4 0
     28 = 4 0
     29 = 4 0
     30 = 4 0
     31 = 4 0
END_WEIGHTMAP
